# perfbase mono_ns 1661518392265387 real_ns 1785626911764991326
1661518392303375 128492414179008 wait_beg 0 0 0 0 0 0
1661518410602050 128492428183424 cliack 1 0 1 0 0 0
1661520998998945 128492414179008 wait_end 0 0 0 0 0 0
1661520999002385 128492414179008 drain_beg 0 0 0 0 0 0
1661520999003945 128492414179008 drain_end 1 0 0 0 0 0
1661520999004105 128492414179008 take 1 0 0 0 0 0
1661520999004955 128492414179008 subm_beg 1 0 0 0 0 0
1661520998972816 128492428183424 msgin 1 4718592 0 0 0 0
1661520998979076 128492428183424 enq 1 1 0 0 0 0
1661521012521983 128492414179008 submit 1 0 0 0 0 0
1661521012523803 128492414179008 subm_end 1 0 0 0 0 0
1661521012523953 128492414179008 pump_beg 1 0 0 0 0 0
1661521015575622 128492428183424 msgin 2 4718592 0 0 0 0
1661521015577052 128492428183424 enq 2 1 0 0 0 0
1661521131757010 128492414179008 pump_end 1 2 0 0 0 0
1661521131758000 128492414179008 book_beg 1 0 0 0 0 0
1661521131761520 128492414179008 batch 1 1 1 2 2 0
1661521131761690 128492414179008 book_end 1 0 0 0 0 0
1661521131761750 128492414179008 coll_beg 0 0 0 0 0 0
1661521132102927 128492414179008 coll_end 0 0 0 0 0 0
1661521132104377 128492414179008 rel_beg 1 0 0 0 0 0
1661521132105177 128492414179008 absorb 1 0 0 0 0 0
1661521132110997 128492414179008 rel_end 1 0 0 0 0 0
1661521132113377 128492414179008 wait_beg 0 0 0 0 0 0
1661521132114907 128492414179008 wait_end 0 0 0 0 0 0
1661521132115487 128492414179008 join_beg 1 0 0 0 0 0
1661521132284241 128492414179008 join_end 0 0 0 0 0 0
1661521132124116 128492326872768 emit_beg 1 0 0 0 0 0
1661521132141546 128492326872768 dmg 0 1 0 0 1024 768
1661521132141876 128492326872768 enc 0 0 1 -1 -1 0
1661521132279741 128492326872768 emit_end 1 0 0 0 0 0
