21649 21649 Xorg 30783671249 454397059 19460
21649 21657 InputThread 129535 0 3
21051 21051 xrdp 15841225 0 19
22301 22301 xrdp 3976511155 358422 2987
22301 22323 xrdp 7451487304 735082 2788
22329 22329 ffmpeg 63913943 17755 47
22329 22344 enc0:0:h264_nve 666693972 1209038 5389
22329 22345 vf#0:0 459706121 33709 357
22329 22346 dec0:0:rawvideo 9886905 175472 182
22329 22347 dmx0:rawvideo 714360475 339443 284
22329 22348 vf#0:0 16315 0 1
22329 22349 vf#0:0 14708 0 1
22329 22350 vf#0:0 14712 0 1
22329 22351 vf#0:0 14853 0 1
22329 22352 vf#0:0 14675 0 1
22329 22353 vf#0:0 14758 0 1
22329 22354 vf#0:0 14611 0 1
22329 22355 vf#0:0 14810 0 1
22329 22356 cuda00002000009 75423 0 3
22329 22361 cuda-EvtHandlr 7352348 24526 208
22329 22363 vf#0:0 1623047 0 79
22329 22365 vf#0:0 139221 0 3
22329 22367 mux0:nut 1125224355 44397 385
22330 22330 ffmpeg 50463952 31049 52
22330 22331 enc0:0:h264_nve 627884839 1450330 9057
22330 22332 vf#0:0 470968242 261125 342
22330 22333 dec0:0:rawvideo 7678357 58607 184
22330 22334 dmx0:rawvideo 709389052 1587230 1334
22330 22335 vf#0:0 17630 0 1
22330 22336 vf#0:0 14847 0 1
22330 22337 vf#0:0 15036 0 1
22330 22338 vf#0:0 18596 0 1
22330 22339 vf#0:0 15152 0 1
22330 22340 vf#0:0 14881 0 1
22330 22341 vf#0:0 15134 0 1
22330 22342 vf#0:0 14950 0 1
22330 22343 cuda00002000009 93272 0 3
22330 22360 cuda-EvtHandlr 8303816 45147 209
22330 22362 vf#0:0 1600787 0 79
22330 22364 vf#0:0 207170 0 3
22330 22366 mux0:nut 120966332 32212 326
21841 21841 textflood 97562662673 456405781 4969
