21649 21649 Xorg 40052936207 456372317 23546
21649 21657 InputThread 129535 0 3
21051 21051 xrdp 15841225 0 19
22301 22301 xrdp 10049212768 1063083 7450
22301 22323 xrdp 19401065962 2537404 6999
22329 22329 ffmpeg 66159365 33816 112
22329 22344 enc0:0:h264_nve 1762146159 3073454 15199
22329 22345 vf#0:0 472671323 168830 652
22329 22346 dec0:0:rawvideo 25889289 443900 477
22329 22347 dmx0:rawvideo 1806965429 529527 867
22329 22348 vf#0:0 16315 0 1
22329 22349 vf#0:0 14708 0 1
22329 22350 vf#0:0 14712 0 1
22329 22351 vf#0:0 14853 0 1
22329 22352 vf#0:0 14675 0 1
22329 22353 vf#0:0 14758 0 1
22329 22354 vf#0:0 14611 0 1
22329 22355 vf#0:0 14810 0 1
22329 22356 cuda00002000009 75423 0 3
22329 22361 cuda-EvtHandlr 18857627 101457 530
22329 22363 vf#0:0 4132012 0 207
22329 22365 vf#0:0 381007 0 7
22329 22367 mux0:nut 2927204781 196291 838
22330 22330 ffmpeg 52996704 53656 117
22330 22331 enc0:0:h264_nve 1682370771 3126085 23844
22330 22332 vf#0:0 481670556 486500 636
22330 22333 dec0:0:rawvideo 19275745 235086 483
22330 22334 dmx0:rawvideo 1753614780 2156085 3342
22330 22335 vf#0:0 17630 0 1
22330 22336 vf#0:0 14847 0 1
22330 22337 vf#0:0 15036 0 1
22330 22338 vf#0:0 18596 0 1
22330 22339 vf#0:0 15152 0 1
22330 22340 vf#0:0 14881 0 1
22330 22341 vf#0:0 15134 0 1
22330 22342 vf#0:0 14950 0 1
22330 22343 cuda00002000009 93272 0 3
22330 22360 cuda-EvtHandlr 20853582 118015 531
22330 22362 vf#0:0 4251880 0 208
22330 22364 vf#0:0 536348 0 7
22330 22366 mux0:nut 321141324 61393 777
21841 21841 textflood 122598178366 458282901 6056
