19016 19016 Xorg 161576162662 3153164695 80570
19016 19024 InputThread 103130 0 3
9873 9873 xrdp 19266140 24742 52
20015 20015 xrdp 83186789827 3394810646 59174
20015 20033 xrdp 160962699709 3663463934 74110
20039 20039 ffmpeg 96609008 47805412 823
20039 20041 enc0:0:h264_nve 13813444408 1212744027 118690
20039 20042 vf#0:0 575458153 1025444361 5496
20039 20043 dec0:0:rawvideo 175043321 1522059580 6661
20039 20044 dmx0:rawvideo 13756067493 3484571859 10355
20039 20045 vf#0:0 25569 0 1
20039 20046 vf#0:0 21189 0 1
20039 20047 vf#0:0 19126 0 1
20039 20048 vf#0:0 18868 0 1
20039 20057 cuda00002000009 130586 0 2
20039 20062 cuda-EvtHandlr 172793253 231218895 4082
20039 20064 vf#0:0 33551068 94864294 1631
20039 20065 vf#0:0 3268806 6356590 42
20039 20068 mux0:nut 24595610214 19121172 6448
20040 20040 ffmpeg 98786608 31269808 827
20040 20049 enc0:0:h264_nve 12763305199 973516768 171614
20040 20050 vf#0:0 544343989 378246021 4259
20040 20051 dec0:0:rawvideo 142408704 295385883 4280
20040 20052 dmx0:rawvideo 13170521002 11000957427 30792
20040 20053 vf#0:0 20441 0 1
20040 20054 vf#0:0 18851 0 1
20040 20055 vf#0:0 18268 0 1
20040 20056 vf#0:0 18240 0 1
20040 20058 cuda00002000009 79955 26150 3
20040 20063 cuda-EvtHandlr 168343160 265229311 4082
20040 20066 vf#0:0 34206373 72430154 1631
20040 20067 vf#0:0 2731671 1844122 42
20040 20069 mux0:nut 2743668685 2307989 7044
19194 19194 textflood 491130991328 2763376278 23406
