19016 19016 Xorg 170422711584 3318268657 84567
19016 19024 InputThread 103130 0 3
9873 9873 xrdp 19266140 24742 52
20015 20015 xrdp 89542201574 3703680082 63734
20015 20033 xrdp 173682293154 3931898038 79340
20039 20039 ffmpeg 98881333 53299645 887
20039 20041 enc0:0:h264_nve 14895164037 1374771936 128213
20039 20042 vf#0:0 586959778 1111429137 5913
20039 20043 dec0:0:rawvideo 188871119 1671973926 7194
20039 20044 dmx0:rawvideo 14853779713 3799090273 11214
20039 20045 vf#0:0 25569 0 1
20039 20046 vf#0:0 21189 0 1
20039 20047 vf#0:0 19126 0 1
20039 20048 vf#0:0 18868 0 1
20039 20057 cuda00002000009 130586 0 2
20039 20062 cuda-EvtHandlr 186438943 245888430 4403
20039 20064 vf#0:0 36299453 100178289 1759
20039 20065 vf#0:0 3491747 6356590 45
20039 20068 mux0:nut 26490175382 19329381 6952
20040 20040 ffmpeg 101392753 37203630 892
20040 20049 enc0:0:h264_nve 13757622857 1049617211 184822
20040 20050 vf#0:0 554018774 398237636 4572
20040 20051 dec0:0:rawvideo 153580624 321816859 4619
20040 20052 dmx0:rawvideo 14231477234 11868374495 32630
20040 20053 vf#0:0 20441 0 1
20040 20054 vf#0:0 18851 0 1
20040 20055 vf#0:0 18268 0 1
20040 20056 vf#0:0 18240 0 1
20040 20058 cuda00002000009 79955 26150 3
20040 20063 cuda-EvtHandlr 182035814 287701584 4403
20040 20066 vf#0:0 37007070 77245128 1760
20040 20067 vf#0:0 2902554 1844122 45
20040 20069 mux0:nut 2956299498 3167867 7582
19194 19194 textflood 516400780789 2834394903 24571
