1073741824     0
1073741824     0
1073741824     0
1073741824     0
1073741824 77414400
1073741824 77414400
1073741824 77414400
1073741824 77414400
1073741824 77414400
1073741824 77414400
1073741824 77414400
1073741824 77414400
1073741824 77414400
1073741824 77414400
1073741824 77414400
1073741824 77414400
1073741824 77414400
1073741824 77414400
1073741824 77414400
1073741824 77414400
1073741824 77414400
1073741824 77414400
1073741824 77414400
1073741824 77414400
1073741824 77414400
1073741824 77414400
1073741824 77414400
1073741824 77414400
1073741824 77414400
1073741824 77414400
1073741824 77414400
1073741824 77414400
1073741824 77414400
1073741824 77414400
1073741824 77414400
1073741824 77414400
1073741824 77414400
1073741824 77414400
1073741824 77414400
1073741824 77414400
1073741824 77414400
1073741824 77414400
1073741824 77414400
1073741824 77414400
1073741824 77414400
1073741824 77414400
1073741824 77414400
1073741824 77414400
1073741824 77414400
1073741824 77414400
1073741824 77414400
1073741824 77414400
1073741824 77414400
1073741824 77414400
1073741824 77414400
1073741824 77414400
1073741824 77414400
1073741824 77414400
1073741824 77414400
1073741824 77414400
1073741824 77414400
1073741824 77414400
1073741824 77414400
1073741824 77414400
1073741824 77414400
1073741824 77414400
1073741824 77414400
1073741824 77414400
1073741824 77414400
1073741824 77414400
1073741824 77414400
1073741824 77414400
1073741824 77414400
1073741824 77414400
1073741824 77414400
1073741824 77414400
1073741824 77414400
1073741824 77414400
1073741824 77414400
1073741824 77414400
1073741824 77414400
1073741824 77414400
1073741824 77414400
1073741824 77414400
1073741824 77414400
1073741824 77414400
1073741824 77414400
1073741824 77414400
1073741824 77414400
1073741824 77414400
