19016 19016 Xorg 57983231629 1659644033 33345
19016 19024 InputThread 103130 0 3
9873 9873 xrdp 19266140 24742 52
20015 20015 xrdp 6041298080 247894275 4347
20015 20033 xrdp 11269872721 260931163 5237
20039 20039 ffmpeg 68544166 4757394 63
20039 20041 enc0:0:h264_nve 963142435 94112346 8013
20039 20042 vf#0:0 436954671 64634757 512
20039 20043 dec0:0:rawvideo 11971847 94175825 474
20039 20044 dmx0:rawvideo 967425560 266101670 726
20039 20045 vf#0:0 25569 0 1
20039 20046 vf#0:0 21189 0 1
20039 20047 vf#0:0 19126 0 1
20039 20048 vf#0:0 18868 0 1
20039 20057 cuda00002000009 130586 0 2
20039 20062 cuda-EvtHandlr 12205558 15504884 292
20039 20064 vf#0:0 2419219 141633 113
20039 20065 vf#0:0 269852 0 4
20039 20068 mux0:nut 1717104733 999845 551
20040 20040 ffmpeg 68983598 2368691 68
20040 20049 enc0:0:h264_nve 894683673 69277852 11821
20040 20050 vf#0:0 428715397 27969991 456
20040 20051 dec0:0:rawvideo 9994437 19767073 290
20040 20052 dmx0:rawvideo 951680504 778959705 2191
20040 20053 vf#0:0 20441 0 1
20040 20054 vf#0:0 18851 0 1
20040 20055 vf#0:0 18268 0 1
20040 20056 vf#0:0 18240 0 1
20040 20058 cuda00002000009 79955 26150 3
20040 20063 cuda-EvtHandlr 11711616 21833620 294
20040 20066 vf#0:0 2281784 3203718 113
20040 20067 vf#0:0 214682 0 4
20040 20069 mux0:nut 191994415 83241 619
19194 19194 textflood 190568229755 2061791350 10159
