19016 19016 Xorg 67220504828 1794979742 37431
19016 19024 InputThread 103130 0 3
9873 9873 xrdp 19266140 24742 52
20015 20015 xrdp 12726426858 582054866 9220
20015 20033 xrdp 24416116181 556021798 11282
20039 20039 ffmpeg 71204871 7711338 130
20039 20041 enc0:0:h264_nve 2087810265 204813256 17639
20039 20042 vf#0:0 448992279 135636217 934
20039 20043 dec0:0:rawvideo 26257619 196785743 998
20039 20044 dmx0:rawvideo 2115167503 539825016 1610
20039 20045 vf#0:0 25569 0 1
20039 20046 vf#0:0 21189 0 1
20039 20047 vf#0:0 19126 0 1
20039 20048 vf#0:0 18868 0 1
20039 20057 cuda00002000009 130586 0 2
20039 20062 cuda-EvtHandlr 26637113 40883544 625
20039 20064 vf#0:0 5270428 14109872 246
20039 20065 vf#0:0 556345 0 8
20039 20068 mux0:nut 3697145411 1611679 1112
20040 20040 ffmpeg 71470413 2507937 135
20040 20049 enc0:0:h264_nve 1934281007 162255996 26105
20040 20050 vf#0:0 439158603 66956436 789
20040 20051 dec0:0:rawvideo 21437755 47496259 639
20040 20052 dmx0:rawvideo 2035990519 1676957334 4693
20040 20053 vf#0:0 20441 0 1
20040 20054 vf#0:0 18851 0 1
20040 20055 vf#0:0 18268 0 1
20040 20056 vf#0:0 18240 0 1
20040 20058 cuda00002000009 79955 26150 3
20040 20063 cuda-EvtHandlr 25395882 48044396 626
20040 20066 vf#0:0 4901397 12241210 246
20040 20067 vf#0:0 407065 0 8
20040 20069 mux0:nut 413672584 216674 1238
19194 19194 textflood 216762130651 2105449526 11310
